"Date","Facebook","YouTube","Instagram","Pinterest","Twitter","VKontakte","LinkedIn","reddit","Tumblr","Other"
2019-11,84.68,4.06,4.84,3.85,2.3,0.08,0.08,0.06,0.04,0.01
2019-12,82.53,6.66,5.03,3.76,1.79,0.07,0.06,0.05,0.03,0.01
2020-01,83.56,3.39,6.51,4.08,2.23,0.07,0.06,0.06,0.04,0.01
2020-02,82.11,2.64,7.94,4.59,2.43,0.08,0.07,0.08,0.05,0.01
2020-03,84.94,2.61,6.32,3.35,2.58,0.04,0.07,0.06,0.03,0
2020-04,86.04,3.26,4.84,3,2.57,0.03,0.07,0.15,0.04,0
2020-05,90.06,3.18,2.34,2.9,1.28,0.03,0.08,0.08,0.05,0.01
2020-06,89.16,3.36,2.45,2.85,1.95,0.01,0.09,0.07,0.07,0
2020-07,86.75,5.95,2.59,3.19,1.26,0.02,0.11,0.06,0.06,0.01
2020-08,75.93,5.78,3,4.12,1.55,9.35,0.13,0.07,0.06,0.01
2020-09,79.3,7.4,3.9,5.32,1.9,1.82,0.17,0.09,0.09,0.01
2020-10,75.27,10.05,4.07,7.49,2.61,0.07,0.23,0.11,0.09,0.01
2020-11,74.18,10.41,4.3,6.98,3.45,0.08,0.33,0.14,0.1,0.02